<!-- Generated by pkgdown: do not edit by hand -->
<!DOCTYPE html>
<html lang="en">
  <head>
  <meta charset="utf-8">
<meta http-equiv="X-UA-Compatible" content="IE=edge">
<meta name="viewport" content="width=device-width, initial-scale=1.0">

<title>Get the covariance matrix — get.covmat • qpToolkit</title>


<!-- jquery -->
<script src="https://cdnjs.cloudflare.com/ajax/libs/jquery/3.4.1/jquery.min.js" integrity="sha256-CSXorXvZcTkaix6Yvo6HppcZGetbYMGWSFlBw8HfCJo=" crossorigin="anonymous"></script>
<!-- Bootstrap -->

<link rel="stylesheet" href="https://cdnjs.cloudflare.com/ajax/libs/twitter-bootstrap/3.4.1/css/bootstrap.min.css" integrity="sha256-bZLfwXAP04zRMK2BjiO8iu9pf4FbLqX6zitd+tIvLhE=" crossorigin="anonymous" />

<script src="https://cdnjs.cloudflare.com/ajax/libs/twitter-bootstrap/3.4.1/js/bootstrap.min.js" integrity="sha256-nuL8/2cJ5NDSSwnKD8VqreErSWHtnEP9E7AySL+1ev4=" crossorigin="anonymous"></script>

<!-- bootstrap-toc -->
<link rel="stylesheet" href="../bootstrap-toc.css">
<script src="../bootstrap-toc.js"></script>

<!-- Font Awesome icons -->
<link rel="stylesheet" href="https://cdnjs.cloudflare.com/ajax/libs/font-awesome/5.12.1/css/all.min.css" integrity="sha256-mmgLkCYLUQbXn0B1SRqzHar6dCnv9oZFPEC1g1cwlkk=" crossorigin="anonymous" />
<link rel="stylesheet" href="https://cdnjs.cloudflare.com/ajax/libs/font-awesome/5.12.1/css/v4-shims.min.css" integrity="sha256-wZjR52fzng1pJHwx4aV2AO3yyTOXrcDW7jBpJtTwVxw=" crossorigin="anonymous" />

<!-- clipboard.js -->
<script src="https://cdnjs.cloudflare.com/ajax/libs/clipboard.js/2.0.6/clipboard.min.js" integrity="sha256-inc5kl9MA1hkeYUt+EC3BhlIgyp/2jDIyBLS6k3UxPI=" crossorigin="anonymous"></script>

<!-- headroom.js -->
<script src="https://cdnjs.cloudflare.com/ajax/libs/headroom/0.11.0/headroom.min.js" integrity="sha256-AsUX4SJE1+yuDu5+mAVzJbuYNPHj/WroHuZ8Ir/CkE0=" crossorigin="anonymous"></script>
<script src="https://cdnjs.cloudflare.com/ajax/libs/headroom/0.11.0/jQuery.headroom.min.js" integrity="sha256-ZX/yNShbjqsohH1k95liqY9Gd8uOiE1S4vZc+9KQ1K4=" crossorigin="anonymous"></script>

<!-- pkgdown -->
<link href="../pkgdown.css" rel="stylesheet">
<script src="../pkgdown.js"></script>




<meta property="og:title" content="Get the covariance matrix — get.covmat" />
<meta property="og:description" content="Get the covariance matrix from a completed NONMEM run. If the the run has been zipped, the file will be extracted, then parsed and thereafter the file (not the zipped file) will be discarded." />




<!-- mathjax -->
<script src="https://cdnjs.cloudflare.com/ajax/libs/mathjax/2.7.5/MathJax.js" integrity="sha256-nvJJv9wWKEm88qvoQl9ekL2J+k/RWIsaSScxxlsrv8k=" crossorigin="anonymous"></script>
<script src="https://cdnjs.cloudflare.com/ajax/libs/mathjax/2.7.5/config/TeX-AMS-MML_HTMLorMML.js" integrity="sha256-84DKXVJXs0/F8OTMzX4UR909+jtl4G7SPypPavF+GfA=" crossorigin="anonymous"></script>

<!--[if lt IE 9]>
<script src="https://oss.maxcdn.com/html5shiv/3.7.3/html5shiv.min.js"></script>
<script src="https://oss.maxcdn.com/respond/1.4.2/respond.min.js"></script>
<![endif]-->



  </head>

  <body data-spy="scroll" data-target="#toc">
    <div class="container template-reference-topic">
      <header>
      <div class="navbar navbar-default navbar-fixed-top" role="navigation">
  <div class="container">
    <div class="navbar-header">
      <button type="button" class="navbar-toggle collapsed" data-toggle="collapse" data-target="#navbar" aria-expanded="false">
        <span class="sr-only">Toggle navigation</span>
        <span class="icon-bar"></span>
        <span class="icon-bar"></span>
        <span class="icon-bar"></span>
      </button>
      <span class="navbar-brand">
        <a class="navbar-link" href="../index.html">qpToolkit</a>
        <span class="version label label-default" data-toggle="tooltip" data-placement="bottom" title="Released version">0.2.3.3</span>
      </span>
    </div>

    <div id="navbar" class="navbar-collapse collapse">
      <ul class="nav navbar-nav">
        <li>
  <a href="../index.html">
    <span class="fas fa fas fa-home fa-lg"></span>
     
  </a>
</li>
<li>
  <a href="../reference/index.html">Reference</a>
</li>
<li class="dropdown">
  <a href="#" class="dropdown-toggle" data-toggle="dropdown" role="button" aria-expanded="false">
    Articles
     
    <span class="caret"></span>
  </a>
  <ul class="dropdown-menu" role="menu">
    <li>
      <a href="../articles/ASeriesofqpToolkitVignettes.html">qpToolkit Vignettes</a>
    </li>
    <li>
      <a href="../articles/CreateDemographicsTable.html">Creating a Demographics Table</a>
    </li>
    <li>
      <a href="../articles/ExamplesnlmexxxFunctionsqpToolkit.html">qpToolkit Examples for nlme_xxx Functions</a>
    </li>
    <li>
      <a href="../articles/ExamplesnmxxxFunctionsqpToolkit.html">qpToolkit Examples for nm_xxx Functions</a>
    </li>
    <li>
      <a href="../articles/RunaNONMEMAnalysis.html">Run a NONMEM Analysis</a>
    </li>
    <li>
      <a href="../articles/qPColorPalette.html">qPharmetra Color Palette</a>
    </li>
    <li>
      <a href="../articles/qpToolkitGeneralPurposeFunctions.html">qpToolkit General Purpose Functions</a>
    </li>
    <li>
      <a href="../articles/qpToolkitPKPDpredictionFunctions.html">qpToolkit PKPD Prediction Functions</a>
    </li>
    <li>
      <a href="../articles/qpToolkitPlottingTips.html">qpToolkit Plotting Tips</a>
    </li>
    <li>
      <a href="../articles/qpToolkitgetFunctions.html">qpToolkit get_xxx Functions</a>
    </li>
  </ul>
</li>
      </ul>
      <ul class="nav navbar-nav navbar-right">
        
      </ul>
      
    </div><!--/.nav-collapse -->
  </div><!--/.container -->
</div><!--/.navbar -->

      

      </header>

<div class="row">
  <div class="col-md-9 contents">
    <div class="page-header">
    <h1>Get the covariance matrix</h1>
    
    <div class="hidden name"><code>get.covmat.Rd</code></div>
    </div>

    <div class="ref-description">
    <p>Get the covariance matrix from a completed NONMEM run. If the the run has been zipped, the file will be extracted, then parsed and thereafter the file (not the zipped file) will be discarded.</p>
    </div>

    <pre class="usage"><span class='fu'>get.covmat</span>(
  <span class='no'>run</span>,
  <span class='kw'>path</span> <span class='kw'>=</span> <span class='fu'><a href='https://rdrr.io/r/base/paste.html'>paste</a></span>(<span class='fu'><a href='https://rdrr.io/r/base/getwd.html'>getwd</a></span>(), <span class='st'>"NONMEM"</span>, <span class='kw'>sep</span> <span class='kw'>=</span> <span class='st'>"/"</span>),
  <span class='kw'>ext</span> <span class='kw'>=</span> <span class='st'>"cov"</span>,
  <span class='kw'>zip.extension</span> <span class='kw'>=</span> <span class='st'>"7z"</span>
)</pre>

    <h2 class="hasAnchor" id="arguments"><a class="anchor" href="#arguments"></a>Arguments</h2>
    <table class="ref-arguments">
    <colgroup><col class="name" /><col class="desc" /></colgroup>
    <tr>
      <th>run</th>
      <td><p>run rootname (e.g. run1)</p></td>
    </tr>
    <tr>
      <th>path</th>
      <td><p>directory where run output resides</p></td>
    </tr>
    <tr>
      <th>ext</th>
      <td><p>extension of the covariance</p></td>
    </tr>
    <tr>
      <th>zip.extension</th>
      <td><p>extension of the zip program. Defaults to "7z"</p></td>
    </tr>
    </table>

    <h2 class="hasAnchor" id="value"><a class="anchor" href="#value"></a>Value</h2>

    <p>list with covariance matrices for each estimation method</p>
    <h2 class="hasAnchor" id="see-also"><a class="anchor" href="#see-also"></a>See also</h2>

    <div class='dont-index'><p><code>nm.covmat.extract</code>, <code>extract.varcov</code></p></div>

    <h2 class="hasAnchor" id="examples"><a class="anchor" href="#examples"></a>Examples</h2>
    <pre class="examples"><div class='input'><span class='fu'>get.covmat</span>(<span class='st'>"example2"</span>, <span class='kw'>path</span> <span class='kw'>=</span> <span class='fu'><a href='https://rdrr.io/r/base/options.html'>getOption</a></span>(<span class='st'>"qpExampleDir"</span>))</div><div class='output co'>#&gt; $`Iterative Two Stage (No Prior)`
#&gt;              THETA1       THETA2       THETA3       THETA4       THETA5       THETA6       THETA7       THETA8       THETA9       THETA10     
#&gt; THETA1        1.44751e-03  3.11467e-06 -4.12336e-04 -4.27881e-07  6.41809e-04 -1.87469e-05 -1.67622e-04  6.13238e-06  1.75125e-05  1.38204e-05
#&gt; THETA2        3.11467e-06  8.31862e-04  1.28374e-06 -2.32055e-04  5.13644e-05  2.12792e-04 -1.53424e-05 -5.25471e-05  5.99954e-05  3.68344e-05
#&gt; THETA3       -4.12336e-04  1.28374e-06  1.23070e-04 -1.23623e-07 -1.67203e-04  6.22605e-06  4.39757e-05 -1.62807e-06 -8.34201e-08 -6.25994e-08
#&gt; THETA4       -4.27881e-07 -2.32055e-04 -1.23623e-07  7.09330e-05 -4.19765e-06 -5.20525e-05  1.59042e-06  1.47629e-05 -9.16374e-06 -4.77929e-06
#&gt; THETA5        6.41809e-04  5.13644e-05 -1.67203e-04 -4.19765e-06  2.34150e-03  2.23585e-05 -6.36124e-04  4.10720e-06  1.15527e-04  1.07481e-04
#&gt; THETA6       -1.87469e-05  2.12792e-04  6.22605e-06 -5.20525e-05  2.23585e-05  1.68452e-03 -9.83157e-06 -4.70937e-04  5.07191e-05  4.82282e-05
#&gt; THETA7       -1.67622e-04 -1.53424e-05  4.39757e-05  1.59042e-06 -6.36124e-04 -9.83157e-06  1.80149e-04 -9.99553e-08 -3.25219e-05 -2.96824e-05
#&gt; THETA8        6.13238e-06 -5.25471e-05 -1.62807e-06  1.47629e-05  4.10720e-06 -4.70937e-04 -9.99553e-08  1.40581e-04 -7.05168e-06 -5.42683e-06
#&gt; THETA9        1.75125e-05  5.99954e-05 -8.34201e-08 -9.16374e-06  1.15527e-04  5.07191e-05 -3.25219e-05 -7.05168e-06  1.10734e-04  6.59534e-05
#&gt; THETA10       1.38204e-05  3.68344e-05 -6.25994e-08 -4.77929e-06  1.07481e-04  4.82282e-05 -2.96824e-05 -5.42683e-06  6.59534e-05  7.98678e-05
#&gt; THETA11      -7.58674e-06 -3.65042e-06  2.68095e-06  1.28805e-06 -8.73652e-06  7.41929e-07  2.49182e-06 -7.99813e-08  1.72676e-06  1.46226e-06
#&gt; SIGMA(1,1)    0.00000e+00  0.00000e+00  0.00000e+00  0.00000e+00  0.00000e+00  0.00000e+00  0.00000e+00  0.00000e+00  0.00000e+00  0.00000e+00
#&gt; OMEGA(1,1)    4.13648e-06 -1.54473e-07 -1.32788e-06 -1.72742e-07  1.27511e-06  2.50222e-07 -4.57666e-07 -4.16670e-08 -3.96766e-07  1.23321e-07
#&gt; OMEGA(2,1)    1.54093e-06  1.62940e-07 -6.67053e-07 -5.18700e-08  1.89282e-06  7.42010e-07 -3.75314e-07  1.40560e-08 -1.60800e-07  3.35342e-07
#&gt; OMEGA(2,2)    3.81679e-06  6.74609e-07 -1.07170e-06 -9.10468e-08  5.39505e-06 -7.12323e-06 -7.30935e-07  2.13144e-06 -3.58369e-08 -4.58352e-08
#&gt; OMEGA(3,1)    4.68652e-07  1.83195e-06 -4.21533e-07 -5.80825e-07  1.99883e-06  2.41335e-08 -5.61102e-07  5.50810e-08  7.41226e-07  6.56749e-07
#&gt; OMEGA(3,2)    3.09690e-07  5.58775e-07 -2.35273e-07 -2.85903e-07 -4.52134e-07  1.26022e-06  1.85457e-07 -6.52215e-08 -6.98743e-07 -3.54292e-07
#&gt; OMEGA(3,3)    4.37605e-06  1.65903e-06 -1.33091e-06 -4.45386e-07  1.00909e-05 -5.25857e-06 -2.94259e-06  1.17501e-06 -1.27220e-06 -1.10556e-06
#&gt; OMEGA(4,1)    1.93930e-06 -4.59419e-07 -7.43474e-07  2.95393e-07  6.07709e-06 -1.88627e-07 -1.51649e-06  1.37785e-07  7.56300e-07  9.21583e-07
#&gt; OMEGA(4,2)    2.55401e-06 -4.01886e-07 -6.55296e-07  7.10748e-08  5.01598e-06 -2.17929e-06 -1.25374e-06  9.55437e-07 -4.54703e-08  8.11141e-07
#&gt; OMEGA(4,3)    3.02307e-06  2.74198e-06 -9.62964e-07 -7.27357e-07  7.76784e-06  2.17832e-06 -2.42624e-06 -5.36088e-07 -2.93413e-07  4.27685e-07
#&gt; OMEGA(4,4)   -1.56992e-07  3.53035e-06 -2.40840e-08 -7.30628e-07  8.55255e-06  5.78382e-06 -2.62928e-06 -1.04280e-06  1.17644e-06  3.19055e-06
#&gt;              THETA11      SIGMA(1,1)   OMEGA(1,1)   OMEGA(2,1)   OMEGA(2,2)   OMEGA(3,1)   OMEGA(3,2)   OMEGA(3,3)   OMEGA(4,1)   OMEGA(4,2)  
#&gt; THETA1       -7.58674e-06            0  4.13648e-06  1.54093e-06  3.81679e-06  4.68652e-07  3.09690e-07  4.37605e-06  1.93930e-06  2.55401e-06
#&gt; THETA2       -3.65042e-06            0 -1.54473e-07  1.62940e-07  6.74609e-07  1.83195e-06  5.58775e-07  1.65903e-06 -4.59419e-07 -4.01886e-07
#&gt; THETA3        2.68095e-06            0 -1.32788e-06 -6.67053e-07 -1.07170e-06 -4.21533e-07 -2.35273e-07 -1.33091e-06 -7.43474e-07 -6.55296e-07
#&gt; THETA4        1.28805e-06            0 -1.72742e-07 -5.18700e-08 -9.10468e-08 -5.80825e-07 -2.85903e-07 -4.45386e-07  2.95393e-07  7.10748e-08
#&gt; THETA5       -8.73652e-06            0  1.27511e-06  1.89282e-06  5.39505e-06  1.99883e-06 -4.52134e-07  1.00909e-05  6.07709e-06  5.01598e-06
#&gt; THETA6        7.41929e-07            0  2.50222e-07  7.42010e-07 -7.12323e-06  2.41335e-08  1.26022e-06 -5.25857e-06 -1.88627e-07 -2.17929e-06
#&gt; THETA7        2.49182e-06            0 -4.57666e-07 -3.75314e-07 -7.30935e-07 -5.61102e-07  1.85457e-07 -2.94259e-06 -1.51649e-06 -1.25374e-06
#&gt; THETA8       -7.99813e-08            0 -4.16670e-08  1.40560e-08  2.13144e-06  5.50810e-08 -6.52215e-08  1.17501e-06  1.37785e-07  9.55437e-07
#&gt; THETA9        1.72676e-06            0 -3.96766e-07 -1.60800e-07 -3.58369e-08  7.41226e-07 -6.98743e-07 -1.27220e-06  7.56300e-07 -4.54703e-08
#&gt; THETA10       1.46226e-06            0  1.23321e-07  3.35342e-07 -4.58352e-08  6.56749e-07 -3.54292e-07 -1.10556e-06  9.21583e-07  8.11141e-07
#&gt; THETA11       8.90711e-06            0 -4.26489e-07 -5.62027e-07 -1.07487e-06 -5.16314e-07 -6.87116e-07 -3.16978e-06 -3.41297e-07 -3.64467e-07
#&gt; SIGMA(1,1)    0.00000e+00            0  0.00000e+00  0.00000e+00  0.00000e+00  0.00000e+00  0.00000e+00  0.00000e+00  0.00000e+00  0.00000e+00
#&gt; OMEGA(1,1)   -4.26489e-07            0  1.01349e-06  3.68128e-07  9.09517e-08  5.33240e-07  2.98979e-07  4.44190e-07  4.32181e-07  1.96997e-07
#&gt; OMEGA(2,1)   -5.62027e-07            0  3.68128e-07  7.48452e-07  4.66091e-07  3.32471e-07  4.26822e-07  4.59863e-07  2.95866e-07  3.57108e-07
#&gt; OMEGA(2,2)   -1.07487e-06            0  9.09517e-08  4.66091e-07  2.24035e-06  6.41438e-08  5.29799e-07  2.92092e-07  1.49214e-07  5.21322e-07
#&gt; OMEGA(3,1)   -5.16314e-07            0  5.33240e-07  3.32471e-07  6.41438e-08  1.66946e-06  7.84275e-07  1.28553e-06  1.03286e-06  4.64176e-07
#&gt; OMEGA(3,2)   -6.87116e-07            0  2.98979e-07  4.26822e-07  5.29799e-07  7.84275e-07  2.06848e-06  1.53066e-06  5.04977e-07  1.12555e-06
#&gt; OMEGA(3,3)   -3.16978e-06            0  4.44190e-07  4.59863e-07  2.92092e-07  1.28553e-06  1.53066e-06  7.99314e-06  6.62489e-07  7.05170e-07
#&gt; OMEGA(4,1)   -3.41297e-07            0  4.32181e-07  2.95866e-07  1.49214e-07  1.03286e-06  5.04977e-07  6.62489e-07  1.24943e-06  5.26018e-07
#&gt; OMEGA(4,2)   -3.64467e-07            0  1.96997e-07  3.57108e-07  5.21322e-07  4.64176e-07  1.12555e-06  7.05170e-07  5.26018e-07  1.33618e-06
#&gt; OMEGA(4,3)   -2.29212e-06            0  4.17746e-07  3.94410e-07  2.27696e-07  9.03355e-07  1.20571e-06  4.54079e-06  8.46590e-07  7.90842e-07
#&gt; OMEGA(4,4)   -1.83304e-06            0  4.12753e-07  3.77326e-07  9.81674e-08  7.35442e-07  8.20353e-07  2.40959e-06  9.64396e-07  9.46160e-07
#&gt;              OMEGA(4,3)   OMEGA(4,4)  
#&gt; THETA1        3.02307e-06 -1.56992e-07
#&gt; THETA2        2.74198e-06  3.53035e-06
#&gt; THETA3       -9.62964e-07 -2.40840e-08
#&gt; THETA4       -7.27357e-07 -7.30628e-07
#&gt; THETA5        7.76784e-06  8.55255e-06
#&gt; THETA6        2.17832e-06  5.78382e-06
#&gt; THETA7       -2.42624e-06 -2.62928e-06
#&gt; THETA8       -5.36088e-07 -1.04280e-06
#&gt; THETA9       -2.93413e-07  1.17644e-06
#&gt; THETA10       4.27685e-07  3.19055e-06
#&gt; THETA11      -2.29212e-06 -1.83304e-06
#&gt; SIGMA(1,1)    0.00000e+00  0.00000e+00
#&gt; OMEGA(1,1)    4.17746e-07  4.12753e-07
#&gt; OMEGA(2,1)    3.94410e-07  3.77326e-07
#&gt; OMEGA(2,2)    2.27696e-07  9.81674e-08
#&gt; OMEGA(3,1)    9.03355e-07  7.35442e-07
#&gt; OMEGA(3,2)    1.20571e-06  8.20353e-07
#&gt; OMEGA(3,3)    4.54079e-06  2.40959e-06
#&gt; OMEGA(4,1)    8.46590e-07  9.64396e-07
#&gt; OMEGA(4,2)    7.90842e-07  9.46160e-07
#&gt; OMEGA(4,3)    3.93925e-06  3.04672e-06
#&gt; OMEGA(4,4)    3.04672e-06  3.99993e-06
#&gt; 
#&gt; $`Importance Sampling (No Prior)`
#&gt;              THETA1       THETA2       THETA3       THETA4       THETA5       THETA6       THETA7       THETA8       THETA9       THETA10     
#&gt; THETA1        1.06846e-03  1.47960e-05 -3.01735e-04 -9.15615e-07  2.86116e-04  2.75862e-05 -7.98033e-05 -4.57762e-06  4.29417e-05  2.62814e-05
#&gt; THETA2        1.47960e-05  8.18787e-04 -2.71053e-06 -2.28161e-04  2.42613e-05  2.83666e-04 -7.65207e-06 -7.63512e-05  4.31239e-05  2.97573e-05
#&gt; THETA3       -3.01735e-04 -2.71053e-06  9.08904e-05  7.07287e-08 -7.73786e-05 -5.54496e-06  2.24978e-05  9.39329e-07 -9.13147e-06 -4.89935e-06
#&gt; THETA4       -9.15615e-07 -2.28161e-04  7.07287e-08  6.90860e-05 -2.46187e-06 -7.46733e-05  7.87778e-07  2.20591e-05 -4.27059e-06 -3.26417e-06
#&gt; THETA5        2.86116e-04  2.42613e-05 -7.73786e-05 -2.46187e-06  1.53349e-03  4.00240e-05 -4.29636e-04 -5.86681e-06  5.66247e-05  5.00986e-05
#&gt; THETA6        2.75862e-05  2.83666e-04 -5.54496e-06 -7.46733e-05  4.00240e-05  1.26600e-03 -1.21037e-05 -3.52919e-04  6.44417e-05  5.40617e-05
#&gt; THETA7       -7.98033e-05 -7.65207e-06  2.24978e-05  7.87778e-07 -4.29636e-04 -1.21037e-05  1.28165e-04  1.78675e-06 -1.79605e-05 -1.47254e-05
#&gt; THETA8       -4.57762e-06 -7.63512e-05  9.39329e-07  2.20591e-05 -5.86681e-06 -3.52919e-04  1.78675e-06  1.06971e-04 -1.04998e-05 -8.08454e-06
#&gt; THETA9        4.29417e-05  4.31239e-05 -9.13147e-06 -4.27059e-06  5.66247e-05  6.44417e-05 -1.79605e-05 -1.04998e-05  1.08104e-04  6.16742e-05
#&gt; THETA10       2.62814e-05  2.97573e-05 -4.89935e-06 -3.26417e-06  5.00986e-05  5.40617e-05 -1.47254e-05 -8.08454e-06  6.16742e-05  7.26410e-05
#&gt; THETA11       7.85988e-07  2.20027e-07 -1.76723e-07  1.00190e-07  2.09739e-06 -2.11751e-06 -5.93722e-07  8.93779e-07  2.18187e-06  1.64548e-06
#&gt; SIGMA(1,1)    0.00000e+00  0.00000e+00  0.00000e+00  0.00000e+00  0.00000e+00  0.00000e+00  0.00000e+00  0.00000e+00  0.00000e+00  0.00000e+00
#&gt; OMEGA(1,1)    4.69155e-07 -1.62544e-07 -8.40233e-08  6.16110e-08  7.08494e-07  8.63241e-07 -1.19694e-07 -1.89554e-07  2.29135e-07  2.08287e-07
#&gt; OMEGA(2,1)    3.30392e-07 -1.60111e-07 -5.04489e-08  8.01413e-08  1.66105e-07  1.30526e-07  8.34457e-08  2.49383e-08  2.16364e-07  1.89493e-07
#&gt; OMEGA(2,2)   -5.59839e-07 -2.50834e-07  1.71633e-07  6.62637e-08 -1.68869e-06 -1.15813e-06  6.11475e-07  3.21756e-07 -5.06850e-07 -4.03926e-07
#&gt; OMEGA(3,1)    7.11854e-07  3.11291e-09 -7.39177e-08 -1.33439e-08  1.74917e-06  1.83917e-06 -3.87527e-07 -4.49514e-07  5.77428e-08  2.16085e-07
#&gt; OMEGA(3,2)    5.99380e-07  1.12500e-07 -1.24134e-07 -3.25812e-08  1.98288e-06 -7.08503e-08 -3.29773e-07  3.89090e-08  4.34860e-07  2.24558e-07
#&gt; OMEGA(3,3)    6.90435e-07  5.37322e-07 -9.11805e-08 -2.57637e-07  2.63725e-06  4.65792e-06 -6.88982e-07 -1.44452e-06 -1.87412e-06 -1.16262e-06
#&gt; OMEGA(4,1)    1.19815e-06 -1.41126e-06 -3.02861e-07  4.75714e-07  1.23414e-06  1.42943e-06 -3.00442e-07 -3.41111e-07  3.28532e-07  1.76795e-07
#&gt; OMEGA(4,2)    2.83319e-07 -1.64995e-07 -5.04415e-08  6.49908e-08  1.74778e-06 -2.19745e-06 -4.66710e-07  7.03710e-07  4.42669e-07  2.86316e-07
#&gt; OMEGA(4,3)    5.27376e-07  1.19284e-06 -7.84530e-08 -3.97165e-07  1.70204e-06  5.02879e-06 -4.69174e-07 -1.51226e-06 -9.45931e-07 -7.83999e-07
#&gt; OMEGA(4,4)    2.34959e-07  1.40796e-06 -1.75743e-08 -4.24504e-07  8.08915e-07  5.04705e-06 -2.29239e-07 -1.48073e-06 -5.25750e-07 -3.80794e-07
#&gt;              THETA11      SIGMA(1,1)   OMEGA(1,1)   OMEGA(2,1)   OMEGA(2,2)   OMEGA(3,1)   OMEGA(3,2)   OMEGA(3,3)   OMEGA(4,1)   OMEGA(4,2)  
#&gt; THETA1        7.85988e-07            0  4.69155e-07  3.30392e-07 -5.59839e-07  7.11854e-07  5.99380e-07  6.90435e-07  1.19815e-06  2.83319e-07
#&gt; THETA2        2.20027e-07            0 -1.62544e-07 -1.60111e-07 -2.50834e-07  3.11291e-09  1.12500e-07  5.37322e-07 -1.41126e-06 -1.64995e-07
#&gt; THETA3       -1.76723e-07            0 -8.40233e-08 -5.04489e-08  1.71633e-07 -7.39177e-08 -1.24134e-07 -9.11805e-08 -3.02861e-07 -5.04415e-08
#&gt; THETA4        1.00190e-07            0  6.16110e-08  8.01413e-08  6.62637e-08 -1.33439e-08 -3.25812e-08 -2.57637e-07  4.75714e-07  6.49908e-08
#&gt; THETA5        2.09739e-06            0  7.08494e-07  1.66105e-07 -1.68869e-06  1.74917e-06  1.98288e-06  2.63725e-06  1.23414e-06  1.74778e-06
#&gt; THETA6       -2.11751e-06            0  8.63241e-07  1.30526e-07 -1.15813e-06  1.83917e-06 -7.08503e-08  4.65792e-06  1.42943e-06 -2.19745e-06
#&gt; THETA7       -5.93722e-07            0 -1.19694e-07  8.34457e-08  6.11475e-07 -3.87527e-07 -3.29773e-07 -6.88982e-07 -3.00442e-07 -4.66710e-07
#&gt; THETA8        8.93779e-07            0 -1.89554e-07  2.49383e-08  3.21756e-07 -4.49514e-07  3.89090e-08 -1.44452e-06 -3.41111e-07  7.03710e-07
#&gt; THETA9        2.18187e-06            0  2.29135e-07  2.16364e-07 -5.06850e-07  5.77428e-08  4.34860e-07 -1.87412e-06  3.28532e-07  4.42669e-07
#&gt; THETA10       1.64548e-06            0  2.08287e-07  1.89493e-07 -4.03926e-07  2.16085e-07  2.24558e-07 -1.16262e-06  1.76795e-07  2.86316e-07
#&gt; THETA11       8.21184e-06            0 -4.97656e-07 -4.23220e-07 -1.05694e-06 -1.01193e-06 -5.80233e-07 -4.22538e-06 -7.91710e-07 -3.24708e-07
#&gt; SIGMA(1,1)    0.00000e+00            0  0.00000e+00  0.00000e+00  0.00000e+00  0.00000e+00  0.00000e+00  0.00000e+00  0.00000e+00  0.00000e+00
#&gt; OMEGA(1,1)   -4.97656e-07            0  9.61379e-07  2.76354e-07  6.06523e-08  6.17651e-07  1.94535e-07  6.94163e-07  4.14391e-07  9.50709e-08
#&gt; OMEGA(2,1)   -4.23220e-07            0  2.76354e-07  6.79099e-07  3.16480e-07  2.31364e-07  3.27460e-07  3.70329e-07  2.17943e-07  2.05611e-07
#&gt; OMEGA(2,2)   -1.05694e-06            0  6.06523e-08  3.16480e-07  1.75268e-06  2.09021e-08  2.36357e-07  1.94262e-07  4.18997e-08  3.03450e-07
#&gt; OMEGA(3,1)   -1.01193e-06            0  6.17651e-07  2.31364e-07  2.09021e-08  1.86459e-06  7.28011e-07  2.60114e-06  1.05359e-06  2.82627e-07
#&gt; OMEGA(3,2)   -5.80233e-07            0  1.94535e-07  3.27460e-07  2.36357e-07  7.28011e-07  1.97828e-06  1.68649e-06  3.93455e-07  9.33019e-07
#&gt; OMEGA(3,3)   -4.22538e-06            0  6.94163e-07  3.70329e-07  1.94262e-07  2.60114e-06  1.68649e-06  1.06181e-05  1.49895e-06  5.67038e-07
#&gt; OMEGA(4,1)   -7.91710e-07            0  4.14391e-07  2.17943e-07  4.18997e-08  1.05359e-06  3.93455e-07  1.49895e-06  1.11692e-06  3.20210e-07
#&gt; OMEGA(4,2)   -3.24708e-07            0  9.50709e-08  2.05611e-07  3.03450e-07  2.82627e-07  9.33019e-07  5.67038e-07  3.20210e-07  1.18041e-06
#&gt; OMEGA(4,3)   -2.98551e-06            0  4.70871e-07  2.63571e-07  9.83338e-08  1.67061e-06  1.19905e-06  6.53632e-06  1.22574e-06  5.75383e-07
#&gt; OMEGA(4,4)   -2.21613e-06            0  3.13252e-07  1.82152e-07  6.97531e-08  1.01127e-06  6.96745e-07  3.78753e-06  9.49447e-07  6.18241e-07
#&gt;              OMEGA(4,3)   OMEGA(4,4)  
#&gt; THETA1        5.27376e-07  2.34959e-07
#&gt; THETA2        1.19284e-06  1.40796e-06
#&gt; THETA3       -7.84530e-08 -1.75743e-08
#&gt; THETA4       -3.97165e-07 -4.24504e-07
#&gt; THETA5        1.70204e-06  8.08915e-07
#&gt; THETA6        5.02879e-06  5.04705e-06
#&gt; THETA7       -4.69174e-07 -2.29239e-07
#&gt; THETA8       -1.51226e-06 -1.48073e-06
#&gt; THETA9       -9.45931e-07 -5.25750e-07
#&gt; THETA10      -7.83999e-07 -3.80794e-07
#&gt; THETA11      -2.98551e-06 -2.21613e-06
#&gt; SIGMA(1,1)    0.00000e+00  0.00000e+00
#&gt; OMEGA(1,1)    4.70871e-07  3.13252e-07
#&gt; OMEGA(2,1)    2.63571e-07  1.82152e-07
#&gt; OMEGA(2,2)    9.83338e-08  6.97531e-08
#&gt; OMEGA(3,1)    1.67061e-06  1.01127e-06
#&gt; OMEGA(3,2)    1.19905e-06  6.96745e-07
#&gt; OMEGA(3,3)    6.53632e-06  3.78753e-06
#&gt; OMEGA(4,1)    1.22574e-06  9.49447e-07
#&gt; OMEGA(4,2)    5.75383e-07  6.18241e-07
#&gt; OMEGA(4,3)    5.27618e-06  3.76726e-06
#&gt; OMEGA(4,4)    3.76726e-06  4.02294e-06
#&gt; 
#&gt; $`Stochastic Approximation Expectation-Maximization (No Prior)`
#&gt;              THETA1       THETA2       THETA3       THETA4       THETA5       THETA6       THETA7       THETA8       THETA9       THETA10     
#&gt; THETA1        1.42743e-03 -1.24999e-05 -4.07166e-04  2.52553e-06  6.37776e-04 -1.81995e-05 -1.64563e-04  4.52207e-06  9.39146e-07  4.51263e-06
#&gt; THETA2       -1.24999e-05  8.64282e-04  5.05893e-06 -2.41601e-04  2.51316e-05  2.87214e-04 -9.25911e-06 -7.42537e-05  5.54853e-05  3.40128e-05
#&gt; THETA3       -4.07166e-04  5.05893e-06  1.21545e-04 -9.79205e-07 -1.66756e-04  4.84259e-06  4.29769e-05 -1.04548e-06  2.96440e-06  1.07677e-06
#&gt; THETA4        2.52553e-06 -2.41601e-04 -9.79205e-07  7.34932e-05 -1.21665e-06 -7.34739e-05  9.74263e-07  2.09424e-05 -1.12747e-05 -6.21909e-06
#&gt; THETA5        6.37776e-04  2.51316e-05 -1.66756e-04 -1.21665e-06  2.33118e-03 -5.32620e-06 -6.29867e-04  7.10906e-06  7.64863e-05  8.11970e-05
#&gt; THETA6       -1.81995e-05  2.87214e-04  4.84259e-06 -7.34739e-05 -5.32620e-06  1.79300e-03 -1.90614e-06 -5.00419e-04  3.08537e-05  3.66683e-05
#&gt; THETA7       -1.64563e-04 -9.25911e-06  4.29769e-05  9.74263e-07 -6.29867e-04 -1.90614e-06  1.76672e-04 -1.15713e-06 -2.34815e-05 -2.41780e-05
#&gt; THETA8        4.52207e-06 -7.42537e-05 -1.04548e-06  2.09424e-05  7.10906e-06 -5.00419e-04 -1.15713e-06  1.48858e-04 -5.35027e-06 -4.46464e-06
#&gt; THETA9        9.39146e-07  5.54853e-05  2.96440e-06 -1.12747e-05  7.64863e-05  3.08537e-05 -2.34815e-05 -5.35027e-06  8.94379e-05  4.89397e-05
#&gt; THETA10       4.51263e-06  3.40128e-05  1.07677e-06 -6.21909e-06  8.11970e-05  3.66683e-05 -2.41780e-05 -4.46464e-06  4.89397e-05  6.76058e-05
#&gt; THETA11      -5.69400e-06  5.24227e-07  2.04907e-06  3.45010e-07 -3.79193e-06 -1.28349e-06  1.09617e-06  8.42116e-07  3.83419e-06  3.56705e-06
#&gt; SIGMA(1,1)    0.00000e+00  0.00000e+00  0.00000e+00  0.00000e+00  0.00000e+00  0.00000e+00  0.00000e+00  0.00000e+00  0.00000e+00  0.00000e+00
#&gt; OMEGA(1,1)    4.33425e-06 -4.67742e-07 -1.29913e-06 -8.49832e-08  8.26069e-07  6.70848e-07 -3.28299e-07 -2.03474e-07 -2.81530e-07  1.34757e-07
#&gt; OMEGA(2,1)    1.40594e-06 -4.41340e-07 -5.99040e-07  6.97954e-08  5.60742e-07  1.13739e-06 -8.33745e-08 -2.04361e-07 -3.89060e-07  1.13086e-07
#&gt; OMEGA(2,2)    3.05027e-06 -7.51359e-07 -8.89591e-07  1.78838e-07  5.28325e-06 -6.59167e-06 -9.77549e-07  1.69559e-06 -1.02574e-06 -1.07521e-06
#&gt; OMEGA(3,1)   -3.59578e-07  1.75056e-06 -3.32032e-08 -5.55865e-07 -1.43754e-07  1.72723e-06  5.40344e-08 -4.60135e-07  5.02981e-07  4.41716e-07
#&gt; OMEGA(3,2)   -6.02804e-07 -4.35580e-07  9.07527e-08 -1.55955e-08 -4.05025e-06  3.32389e-06  1.09969e-06 -6.66404e-07 -1.15116e-07 -2.46564e-07
#&gt; OMEGA(3,3)    2.68621e-06 -4.45985e-06 -6.71931e-07  1.16022e-06  7.96513e-06 -3.92732e-06 -2.04844e-06  1.11569e-06 -1.76429e-06 -1.70673e-06
#&gt; OMEGA(4,1)    1.68182e-06 -5.63247e-07 -5.80455e-07  3.12784e-07  4.64239e-06  8.81274e-07 -1.12062e-06 -2.09235e-07  5.38116e-07  6.52716e-07
#&gt; OMEGA(4,2)    2.33102e-06 -1.14001e-06 -5.76634e-07  2.68450e-07  2.88501e-06 -5.14221e-07 -7.46404e-07  3.29924e-07  2.06143e-07  7.25625e-07
#&gt; OMEGA(4,3)    1.92257e-06 -9.22863e-07 -5.46191e-07  2.20935e-07  4.44429e-06  2.93067e-06 -1.26994e-06 -5.99708e-07 -6.35518e-07 -2.26549e-07
#&gt; OMEGA(4,4)   -2.03014e-07  1.54863e-06  4.57311e-09 -2.39462e-07  5.11847e-06  6.00639e-06 -1.52516e-06 -1.10399e-06  7.09438e-07  2.43957e-06
#&gt;              THETA11      SIGMA(1,1)   OMEGA(1,1)   OMEGA(2,1)   OMEGA(2,2)   OMEGA(3,1)   OMEGA(3,2)   OMEGA(3,3)   OMEGA(4,1)   OMEGA(4,2)  
#&gt; THETA1       -5.69400e-06            0  4.33425e-06  1.40594e-06  3.05027e-06 -3.59578e-07 -6.02804e-07  2.68621e-06  1.68182e-06  2.33102e-06
#&gt; THETA2        5.24227e-07            0 -4.67742e-07 -4.41340e-07 -7.51359e-07  1.75056e-06 -4.35580e-07 -4.45985e-06 -5.63247e-07 -1.14001e-06
#&gt; THETA3        2.04907e-06            0 -1.29913e-06 -5.99040e-07 -8.89591e-07 -3.32032e-08  9.07527e-08 -6.71931e-07 -5.80455e-07 -5.76634e-07
#&gt; THETA4        3.45010e-07            0 -8.49832e-08  6.97954e-08  1.78838e-07 -5.55865e-07 -1.55955e-08  1.16022e-06  3.12784e-07  2.68450e-07
#&gt; THETA5       -3.79193e-06            0  8.26069e-07  5.60742e-07  5.28325e-06 -1.43754e-07 -4.05025e-06  7.96513e-06  4.64239e-06  2.88501e-06
#&gt; THETA6       -1.28349e-06            0  6.70848e-07  1.13739e-06 -6.59167e-06  1.72723e-06  3.32389e-06 -3.92732e-06  8.81274e-07 -5.14221e-07
#&gt; THETA7        1.09617e-06            0 -3.28299e-07 -8.33745e-08 -9.77549e-07  5.40344e-08  1.09969e-06 -2.04844e-06 -1.12062e-06 -7.46404e-07
#&gt; THETA8        8.42116e-07            0 -2.03474e-07 -2.04361e-07  1.69559e-06 -4.60135e-07 -6.66404e-07  1.11569e-06 -2.09235e-07  3.29924e-07
#&gt; THETA9        3.83419e-06            0 -2.81530e-07 -3.89060e-07 -1.02574e-06  5.02981e-07 -1.15116e-07 -1.76429e-06  5.38116e-07  2.06143e-07
#&gt; THETA10       3.56705e-06            0  1.34757e-07  1.13086e-07 -1.07521e-06  4.41716e-07 -2.46564e-07 -1.70673e-06  6.52716e-07  7.25625e-07
#&gt; THETA11       8.67371e-06            0 -2.29778e-07 -3.47250e-07 -9.51777e-07 -1.89258e-07 -1.78263e-07 -1.94570e-06 -8.52873e-08 -1.04863e-08
#&gt; SIGMA(1,1)    0.00000e+00            0  0.00000e+00  0.00000e+00  0.00000e+00  0.00000e+00  0.00000e+00  0.00000e+00  0.00000e+00  0.00000e+00
#&gt; OMEGA(1,1)   -2.29778e-07            0  8.24356e-07  2.35427e-07  2.43382e-09  1.61147e-07  1.01649e-07  1.45584e-08  1.44519e-07  5.91879e-08
#&gt; OMEGA(2,1)   -3.47250e-07            0  2.35427e-07  6.02739e-07  2.45046e-07  5.88544e-08  1.25672e-07  7.77186e-08  8.72130e-08  1.23116e-07
#&gt; OMEGA(2,2)   -9.51777e-07            0  2.43382e-09  2.45046e-07  1.87649e-06 -1.01666e-07 -3.95173e-08  9.72785e-08 -8.16781e-09  5.90099e-08
#&gt; OMEGA(3,1)   -1.89258e-07            0  1.61147e-07  5.88544e-08 -1.01666e-07  1.05805e-06  3.38050e-07  1.06701e-07  5.61729e-07  1.70369e-07
#&gt; OMEGA(3,2)   -1.78263e-07            0  1.01649e-07  1.25672e-07 -3.95173e-08  3.38050e-07  1.44938e-06  1.49900e-07  1.65606e-07  5.97216e-07
#&gt; OMEGA(3,3)   -1.94570e-06            0  1.45584e-08  7.77186e-08  9.72785e-08  1.06701e-07  1.49900e-07  4.20690e-06 -1.01740e-07 -7.72694e-08
#&gt; OMEGA(4,1)   -8.52873e-08            0  1.44519e-07  8.72130e-08 -8.16781e-09  5.61729e-07  1.65606e-07 -1.01740e-07  8.51136e-07  2.57517e-07
#&gt; OMEGA(4,2)   -1.04863e-08            0  5.91879e-08  1.23116e-07  5.90099e-08  1.70369e-07  5.97216e-07 -7.72694e-08  2.57517e-07  8.85291e-07
#&gt; OMEGA(4,3)   -1.26232e-06            0  8.38639e-08  1.01155e-07 -6.70874e-09  8.60773e-08  2.54312e-07  1.80789e-06  1.79687e-07  4.34446e-08
#&gt; OMEGA(4,4)   -9.98459e-07            0  1.38313e-07  1.38639e-07 -1.55823e-07  1.53171e-07  7.78006e-08  4.90694e-07  3.70305e-07  2.29703e-07
#&gt;              OMEGA(4,3)   OMEGA(4,4)  
#&gt; THETA1        1.92257e-06 -2.03014e-07
#&gt; THETA2       -9.22863e-07  1.54863e-06
#&gt; THETA3       -5.46191e-07  4.57311e-09
#&gt; THETA4        2.20935e-07 -2.39462e-07
#&gt; THETA5        4.44429e-06  5.11847e-06
#&gt; THETA6        2.93067e-06  6.00639e-06
#&gt; THETA7       -1.26994e-06 -1.52516e-06
#&gt; THETA8       -5.99708e-07 -1.10399e-06
#&gt; THETA9       -6.35518e-07  7.09438e-07
#&gt; THETA10      -2.26549e-07  2.43957e-06
#&gt; THETA11      -1.26232e-06 -9.98459e-07
#&gt; SIGMA(1,1)    0.00000e+00  0.00000e+00
#&gt; OMEGA(1,1)    8.38639e-08  1.38313e-07
#&gt; OMEGA(2,1)    1.01155e-07  1.38639e-07
#&gt; OMEGA(2,2)   -6.70874e-09 -1.55823e-07
#&gt; OMEGA(3,1)    8.60773e-08  1.53171e-07
#&gt; OMEGA(3,2)    2.54312e-07  7.78006e-08
#&gt; OMEGA(3,3)    1.80789e-06  4.90694e-07
#&gt; OMEGA(4,1)    1.79687e-07  3.70305e-07
#&gt; OMEGA(4,2)    4.34446e-08  2.29703e-07
#&gt; OMEGA(4,3)    1.73734e-06  1.21444e-06
#&gt; OMEGA(4,4)    1.21444e-06  2.26373e-06
#&gt; 
#&gt; $`Objective Function Evaluation by Importance Sampling (No Prior)`
#&gt;              THETA1       THETA2       THETA3       THETA4       THETA5       THETA6       THETA7       THETA8       THETA9       THETA10     
#&gt; THETA1        1.07206e-03  1.20706e-05 -3.02363e-04 -6.72316e-07  2.99920e-04  2.38278e-05 -8.27217e-05 -4.07897e-06  3.69707e-05  2.32186e-05
#&gt; THETA2        1.20706e-05  8.38601e-04 -2.38161e-06 -2.33973e-04  2.00641e-05  3.25819e-04 -6.96693e-06 -8.81028e-05  4.08881e-05  2.88801e-05
#&gt; THETA3       -3.02363e-04 -2.38161e-06  9.08726e-05  8.80171e-08 -8.08094e-05 -4.96062e-06  2.30400e-05  8.79885e-07 -8.09462e-06 -4.63377e-06
#&gt; THETA4       -6.72316e-07 -2.33973e-04  8.80171e-08  7.07805e-05 -2.06130e-06 -8.62724e-05  7.89928e-07  2.53538e-05 -4.54825e-06 -3.52133e-06
#&gt; THETA5        2.99920e-04  2.00641e-05 -8.08094e-05 -2.06130e-06  1.53354e-03  3.39081e-05 -4.28640e-04 -4.76698e-06  4.71462e-05  4.57473e-05
#&gt; THETA6        2.38278e-05  3.25819e-04 -4.96062e-06 -8.62724e-05  3.39081e-05  1.31605e-03 -1.16349e-05 -3.65994e-04  6.47050e-05  5.59936e-05
#&gt; THETA7       -8.27217e-05 -6.96693e-06  2.30400e-05  7.89928e-07 -4.28640e-04 -1.16349e-05  1.27320e-04  1.85502e-06 -1.61927e-05 -1.44085e-05
#&gt; THETA8       -4.07897e-06 -8.81028e-05  8.79885e-07  2.53538e-05 -4.76698e-06 -3.65994e-04  1.85502e-06  1.10465e-04 -1.18558e-05 -9.20239e-06
#&gt; THETA9        3.69707e-05  4.08881e-05 -8.09462e-06 -4.54825e-06  4.71462e-05  6.47050e-05 -1.61927e-05 -1.18558e-05  1.03554e-04  5.80115e-05
#&gt; THETA10       2.32186e-05  2.88801e-05 -4.63377e-06 -3.52133e-06  4.57473e-05  5.59936e-05 -1.44085e-05 -9.20239e-06  5.80115e-05  7.00696e-05
#&gt; THETA11       9.51798e-07 -3.70278e-07 -3.53542e-07  1.38644e-07  4.62924e-06 -3.12880e-06 -1.60510e-06  1.04493e-06  5.91876e-07  6.95708e-07
#&gt; SIGMA(1,1)    0.00000e+00  0.00000e+00  0.00000e+00  0.00000e+00  0.00000e+00  0.00000e+00  0.00000e+00  0.00000e+00  0.00000e+00  0.00000e+00
#&gt; OMEGA(1,1)    7.86722e-07 -1.06177e-07 -1.34324e-07  1.15256e-07  3.81644e-07  5.16649e-07 -1.36849e-08 -5.02208e-08  4.98366e-07  3.79703e-07
#&gt; OMEGA(2,1)    6.31057e-07 -3.12922e-07 -9.32907e-08  1.66427e-07  2.59410e-07 -7.96044e-08  1.01188e-07  1.51539e-07  3.61657e-07  2.79333e-07
#&gt; OMEGA(2,2)   -3.59152e-07 -2.04262e-07  1.58871e-07  7.42810e-08 -9.73646e-07 -1.17516e-06  6.22419e-07  4.13000e-07 -4.07283e-07 -3.53125e-07
#&gt; OMEGA(3,1)    1.08618e-06  6.70286e-07 -6.26326e-08 -1.89375e-08  1.13973e-06  1.62863e-06 -1.53697e-07 -2.57740e-07  1.31912e-06  1.01864e-06
#&gt; OMEGA(3,2)    8.96785e-07  6.71302e-07 -1.29352e-07 -5.55487e-08  2.05459e-06  1.01502e-06 -1.41818e-07  3.61066e-09  1.65150e-06  1.02531e-06
#&gt; OMEGA(3,3)    1.43574e-06  1.48506e-06 -1.10067e-07 -1.34503e-07  4.73242e-07  5.25142e-06  1.22060e-07 -1.20633e-06  2.78938e-06  1.76918e-06
#&gt; OMEGA(4,1)    1.20324e-06 -1.05004e-06 -2.12911e-07  4.82703e-07  5.28106e-07  1.09808e-06 -5.19159e-08 -1.73244e-07  9.98994e-07  6.99190e-07
#&gt; OMEGA(4,2)    2.90477e-07  1.63894e-08 -1.41004e-08  6.90465e-08  1.35248e-06 -1.51591e-06 -1.67856e-07  6.45788e-07  8.03868e-07  6.34660e-07
#&gt; OMEGA(4,3)    7.46914e-07  2.00459e-06 -8.37705e-09 -3.64257e-07 -4.37965e-07  5.64638e-06  2.82728e-07 -1.40842e-06  2.18830e-06  1.50045e-06
#&gt; OMEGA(4,4)    1.39006e-07  2.02962e-06  8.96078e-08 -4.40110e-07 -1.15549e-06  5.58038e-06  4.06641e-07 -1.45983e-06  1.36073e-06  1.29450e-06
#&gt;              THETA11      SIGMA(1,1)   OMEGA(1,1)   OMEGA(2,1)   OMEGA(2,2)   OMEGA(3,1)   OMEGA(3,2)   OMEGA(3,3)   OMEGA(4,1)   OMEGA(4,2)  
#&gt; THETA1        9.51798e-07            0  7.86722e-07  6.31057e-07 -3.59152e-07  1.08618e-06  8.96785e-07  1.43574e-06  1.20324e-06  2.90477e-07
#&gt; THETA2       -3.70278e-07            0 -1.06177e-07 -3.12922e-07 -2.04262e-07  6.70286e-07  6.71302e-07  1.48506e-06 -1.05004e-06  1.63894e-08
#&gt; THETA3       -3.53542e-07            0 -1.34324e-07 -9.32907e-08  1.58871e-07 -6.26326e-08 -1.29352e-07 -1.10067e-07 -2.12911e-07 -1.41004e-08
#&gt; THETA4        1.38644e-07            0  1.15256e-07  1.66427e-07  7.42810e-08 -1.89375e-08 -5.55487e-08 -1.34503e-07  4.82703e-07  6.90465e-08
#&gt; THETA5        4.62924e-06            0  3.81644e-07  2.59410e-07 -9.73646e-07  1.13973e-06  2.05459e-06  4.73242e-07  5.28106e-07  1.35248e-06
#&gt; THETA6       -3.12880e-06            0  5.16649e-07 -7.96044e-08 -1.17516e-06  1.62863e-06  1.01502e-06  5.25142e-06  1.09808e-06 -1.51591e-06
#&gt; THETA7       -1.60510e-06            0 -1.36849e-08  1.01188e-07  6.22419e-07 -1.53697e-07 -1.41818e-07  1.22060e-07 -5.19159e-08 -1.67856e-07
#&gt; THETA8        1.04493e-06            0 -5.02208e-08  1.51539e-07  4.13000e-07 -2.57740e-07  3.61066e-09 -1.20633e-06 -1.73244e-07  6.45788e-07
#&gt; THETA9        5.91876e-07            0  4.98366e-07  3.61657e-07 -4.07283e-07  1.31912e-06  1.65150e-06  2.78938e-06  9.98994e-07  8.03868e-07
#&gt; THETA10       6.95708e-07            0  3.79703e-07  2.79333e-07 -3.53125e-07  1.01864e-06  1.02531e-06  1.76918e-06  6.99190e-07  6.34660e-07
#&gt; THETA11       9.60544e-06            0 -4.86859e-07 -4.80744e-07 -1.37838e-06 -1.05268e-06 -9.69136e-07 -4.65426e-06 -7.75758e-07 -4.98689e-07
#&gt; SIGMA(1,1)    0.00000e+00            0  0.00000e+00  0.00000e+00  0.00000e+00  0.00000e+00  0.00000e+00  0.00000e+00  0.00000e+00  0.00000e+00
#&gt; OMEGA(1,1)   -4.86859e-07            0  8.24216e-07  2.01748e-07  6.38042e-08  3.37932e-07  1.28999e-07  3.56873e-07  2.05741e-07  5.22561e-08
#&gt; OMEGA(2,1)   -4.80744e-07            0  2.01748e-07  5.98506e-07  2.67558e-07  5.63490e-08  1.95576e-07  2.53291e-07  8.75263e-08  1.02584e-07
#&gt; OMEGA(2,2)   -1.37838e-06            0  6.38042e-08  2.67558e-07  1.68557e-06  3.55632e-08  3.66425e-08  4.26573e-07  3.83352e-08  1.46211e-07
#&gt; OMEGA(3,1)   -1.05268e-06            0  3.37932e-07  5.63490e-08  3.55632e-08  1.38757e-06  5.85017e-07  1.54751e-06  6.99230e-07  1.98526e-07
#&gt; OMEGA(3,2)   -9.69136e-07            0  1.28999e-07  1.95576e-07  3.66425e-08  5.85017e-07  1.87343e-06  1.13000e-06  2.74882e-07  7.91634e-07
#&gt; OMEGA(3,3)   -4.65426e-06            0  3.56873e-07  2.53291e-07  4.26573e-07  1.54751e-06  1.13000e-06  8.23122e-06  8.29025e-07  3.15425e-07
#&gt; OMEGA(4,1)   -7.75758e-07            0  2.05741e-07  8.75263e-08  3.83352e-08  6.99230e-07  2.74882e-07  8.29025e-07  8.21913e-07  2.15260e-07
#&gt; OMEGA(4,2)   -4.98689e-07            0  5.22561e-08  1.02584e-07  1.46211e-07  1.98526e-07  7.91634e-07  3.15425e-07  2.15260e-07  9.91311e-07
#&gt; OMEGA(4,3)   -3.22911e-06            0  2.25265e-07  1.66930e-07  2.17232e-07  9.49320e-07  8.56822e-07  4.81407e-06  6.50206e-07  2.53157e-07
#&gt; OMEGA(4,4)   -2.30797e-06            0  1.37691e-07  1.01581e-07  1.16092e-07  5.20050e-07  4.50484e-07  2.60570e-06  4.65426e-07  2.71767e-07
#&gt;              OMEGA(4,3)   OMEGA(4,4)  
#&gt; THETA1        7.46914e-07  1.39006e-07
#&gt; THETA2        2.00459e-06  2.02962e-06
#&gt; THETA3       -8.37705e-09  8.96078e-08
#&gt; THETA4       -3.64257e-07 -4.40110e-07
#&gt; THETA5       -4.37965e-07 -1.15549e-06
#&gt; THETA6        5.64638e-06  5.58038e-06
#&gt; THETA7        2.82728e-07  4.06641e-07
#&gt; THETA8       -1.40842e-06 -1.45983e-06
#&gt; THETA9        2.18830e-06  1.36073e-06
#&gt; THETA10       1.50045e-06  1.29450e-06
#&gt; THETA11      -3.22911e-06 -2.30797e-06
#&gt; SIGMA(1,1)    0.00000e+00  0.00000e+00
#&gt; OMEGA(1,1)    2.25265e-07  1.37691e-07
#&gt; OMEGA(2,1)    1.66930e-07  1.01581e-07
#&gt; OMEGA(2,2)    2.17232e-07  1.16092e-07
#&gt; OMEGA(3,1)    9.49320e-07  5.20050e-07
#&gt; OMEGA(3,2)    8.56822e-07  4.50484e-07
#&gt; OMEGA(3,3)    4.81407e-06  2.60570e-06
#&gt; OMEGA(4,1)    6.50206e-07  4.65426e-07
#&gt; OMEGA(4,2)    2.53157e-07  2.71767e-07
#&gt; OMEGA(4,3)    3.90368e-06  2.66385e-06
#&gt; OMEGA(4,4)    2.66385e-06  2.99811e-06
#&gt; 
